1634,4042,1634,4028,1661,4028,1661,4042
1801,4035,1797,4028,1822,4024,1825,4030
1882,4036,1882,4024,1914,4024,1914,4036
1992,4036,1992,4014,2045,4014,2045,4036
2184,4026,2184,4004,2249,4004,2249,4026
2389,4019,2389,3986,2620,3986,2620,4019
2620,4014,2616,3990,2745,3981,2749,4009
2384,3868,2290,3849,2293,3828,2387,3846
2568,3825,2558,3813,2595,3785,2607,3801
1389,3813,1382,3799,1409,3787,1414,3801
1774,3794,1774,3782,1804,3782,1804,3794
2230,3802,2201,3775,2208,3763,2237,3790
1542,3818,1528,3796,1600,3749,1616,3771
476,3771,460,3763,464,3756,482,3759
2359,3809,2354,3754,2469,3742,2474,3797
2644,3763,2639,3759,2644,3745,2652,3752
801,3808,801,3709,920,3709,920,3808
1216,3802,1203,3698,1434,3671,1448,3775
170,3792,166,3697,512,3686,515,3782
423,3744,384,3738,388,3716,427,3723
473,3712,473,3697,494,3697,494,3712
1650,3851,1565,3688,1708,3619,1792,3775
2588,3679,2588,3657,2621,3657,2621,3679
2184,3653,2178,3641,2194,3634,2199,3646
2595,3624,2591,3603,2628,3594,2632,3615
1026,3731,937,3617,1008,3562,1097,3676
1212,3678,1191,3601,1347,3562,1368,3638
2387,3619,2380,3577,2446,3565,2453,3607
1707,3582,1707,3575,1723,3575,1723,3582
1304,3568,1304,3562,1322,3562,1322,3568
2657,3563,2657,3548,2691,3548,2691,3563
2081,3551,2059,3551,2059,3536,2081,3536
629,3641,625,3508,1279,3492,1283,3626
843,3563,838,3558,843,3553,849,3558
778,3567,778,3553,824,3553,824,3567
1003,3558,999,3555,1003,3549,1008,3555
820,3534,820,3520,866,3520,866,3534
113,3594,109,3511,647,3503,650,3586
925,3542,925,3516,950,3516,950,3542
1290,3589,1278,3522,1453,3496,1466,3567
1272,3522,1255,3513,1258,3506,1276,3510
1694,3567,1694,3490,2129,3490,2129,3567
1813,3490,1806,3477,1841,3461,1847,3475
2595,3458,2595,3445,2616,3445,2616,3458
2398,3400,2306,3390,2309,3359,2403,3369
2490,3385,2433,3374,2439,3350,2496,3360
1497,3360,1497,3348,1519,3348,1519,3360
641,3296,629,3296,629,3289,641,3289
1311,3333,1223,3308,1235,3274,1324,3298
2614,3319,2568,3291,2581,3276,2627,3302
1710,3305,1710,3281,1772,3281,1772,3305
503,3350,499,3288,1196,3263,1200,3326
439,3284,439,3272,464,3272,464,3284
613,3276,613,3262,647,3262,647,3276
1980,3336,1976,3256,2476,3237,2481,3317
2421,3293,2414,3286,2419,3279,2426,3286
125,3300,122,3220,489,3204,492,3284
872,3284,466,3272,469,3201,875,3213
721,3274,717,3196,1196,3191,1200,3269
1216,3225,1210,3201,1235,3194,1240,3218
1322,3206,1322,3199,1343,3199,1343,3206
1505,3116,1482,3107,1487,3094,1510,3102
1581,3095,1575,3012,1723,3002,1728,3085
1857,3045,1831,3019,1843,3007,1870,3033
505,3038,501,2986,1010,2962,1014,3017
1056,3021,1053,2970,1274,2965,1278,3016
510,3012,443,2996,450,2969,517,2984
2389,2913,2389,2901,2414,2901,2414,2913
505,2972,501,2894,897,2882,900,2962
829,2944,829,2931,852,2931,852,2944
831,2938,827,2934,831,2931,834,2934
482,3010,106,2990,111,2863,489,2879
2552,2988,2531,2955,2687,2866,2708,2899
113,2886,108,2879,129,2865,132,2872
2600,2808,2600,2792,2625,2792,2625,2808
1797,2804,1790,2792,1811,2780,1818,2794
2382,2619,2382,2606,2396,2606,2396,2619
1779,2551,1779,2535,1815,2535,1815,2551
2338,2431,2338,2416,2363,2416,2363,2431
2639,2445,2497,2404,2510,2364,2653,2405
2646,2405,2542,2360,2554,2336,2653,2378
1708,2353,1708,2341,1730,2341,1730,2353
593,2352,593,2336,620,2336,620,2352
1696,2346,1659,2341,1662,2320,1700,2326
122,2388,118,2317,553,2305,556,2376
1088,2343,1088,2315,1118,2315,1118,2343
1763,2320,1731,2310,1737,2294,1769,2305
1313,2267,1313,2251,1350,2251,1350,2267
909,2274,865,2267,870,2236,912,2244
125,2298,122,2237,595,2230,599,2289
650,2289,650,2229,721,2229,721,2289
2666,2260,2662,2236,2719,2229,2722,2251
1935,2288,1935,2211,2639,2211,2639,2288
2107,2268,2107,2246,2207,2246,2207,2268
2102,2272,2045,2260,2051,2239,2107,2251
1980,2263,1980,2241,2015,2241,2015,2263
1613,2288,1609,2218,1882,2211,1886,2281
1742,2260,1742,2248,1774,2248,1774,2260
1622,2244,1574,2234,1577,2218,1625,2223
83,2144,79,2060,897,2052,900,2132
1083,1556,1083,1461,1804,1461,1804,1556
1191,1466,1187,1452,1233,1447,1237,1461
65,1381,65,1365,95,1365,95,1381
1854,880,1850,845,1928,835,1934,875
1861,825,1845,809,1863,792,1879,807
1664,896,1609,812,1678,773,1728,856
1464,920,1359,833,1419,762,1526,849
1295,802,1295,790,1311,790,1311,802
1405,901,1182,880,1194,764,1412,785
1155,861,1106,849,1125,773,1175,785
959,882,959,748,1104,748,1104,882
957,771,957,748,1001,748,1001,771
1265,766,1265,745,1306,745,1306,766
1263,651,1260,637,1327,634,1331,646
1467,670,1464,637,1653,620,1657,653
1253,632,1212,615,1217,599,1260,618
1668,618,1668,596,1710,596,1710,618
489,622,441,617,444,592,492,598
1435,429,1435,417,1467,417,1467,429
1505,388,1434,383,1437,362,1508,367
1427,379,1407,379,1407,367,1427,367
1673,377,1673,357,1714,357,1714,377
1356,315,1356,301,1391,301,1391,315
1391,332,1388,292,1519,286,1522,325
1588,291,1565,286,1568,279,1588,286
1184,305,1132,298,1138,270,1189,273
1528,275,1451,261,1458,227,1533,240
1499,221,1499,201,1549,201,1549,221
1467,242,1419,214,1434,190,1482,220
1480,211,1480,195,1501,195,1501,211
1489,190,1485,185,1490,182,1494,187
1618,199,1618,176,1655,176,1655,199
320,195,320,173,430,173,430,195
1769,188,1701,180,1705,156,1772,164
647,178,528,166,531,145,650,157
615,202,301,190,304,142,618,152
492,187,492,166,526,166,526,187
1552,171,1490,145,1497,121,1560,147
2191,133,2184,126,2189,121,2196,128
2315,126,2309,123,2315,114,2318,114
2632,159,2308,150,2311,95,2636,100
521,147,223,133,226,98,524,107
1154,194,1118,133,1248,57,1283,112
1542,90,1542,78,1567,78,1567,90
1572,110,1565,79,1634,62,1641,93
1345,86,1341,62,1428,55,1432,78
159,90,90,78,95,46,164,58
1395,53,1395,31,1487,31,1487,53
40,164,37,-5,930,-10,934,159
180,128,180,112,200,112,200,128
358,91,340,83,345,71,363,78
303,57,303,52,315,52,315,57
274,60,267,53,274,46,281,53
251,53,251,48,264,48,264,53
600,71,475,64,478,36,604,43
